5.589612339778470940e+00
5.513565305007757544e+00
5.442447531078916434e+00
5.375953531951482844e+00
5.313762165269031890e+00
5.255544063598270199e+00
5.200968765765067836e+00
5.149706810336227569e+00
5.101431253449888459e+00
5.055825121936700306e+00
5.012591596771869717e+00
4.971462934587020932e+00
4.932205681363429406e+00
4.894621538819700746e+00
4.858544745318980951e+00
4.823837490334322631e+00
4.790384762700218957e+00
4.758089564711116104e+00
4.726868950139718528e+00
4.696650985575361759e+00
4.667372491487212116e+00
4.638977289237082857e+00
4.611414687289472347e+00
4.584638072143139453e+00
4.558603630921479244e+00
4.533269316430438067e+00
4.508594149659655770e+00
4.484537888613934875e+00
4.461061027884933416e+00
4.438125052199519693e+00
4.415692849157016653e+00
4.393729185316226804e+00
4.372201160773157014e+00
4.351078576692843924e+00
4.330334173927748331e+00
4.309943724562507406e+00
4.289885978534258903e+00
4.270142482646131832e+00
4.250697299098185944e+00
4.231536655730929297e+00
4.212648561384890300e+00
4.194022417965846294e+00
4.175648656708268902e+00
4.157518420410063698e+00
4.139623306684377724e+00
4.121955180127717000e+00
4.104506054310954610e+00
4.087268038202428677e+00
4.070233336517837586e+00
4.053394289943651252e+00
4.036743439436500935e+00
4.020273598906181078e+00
4.003977922386718902e+00
3.987849954939420627e+00
3.971883660520228343e+00
3.956073424316350007e+00
3.940414031054769062e+00
3.924900624034352692e+00
3.909528651801436272e+00
3.894293810318771420e+00
3.879191988192063345e+00
3.864219221199160614e+00
3.849371660315441979e+00
3.834645555014619678e+00
3.820037251226706676e+00
3.805543201292430844e+00
3.791159981818322144e+00
3.776884314648578655e+00
3.762713086244289684e+00
3.748643361502139726e+00
3.734672389268501203e+00
3.720797598277461482e+00
3.707016583719156877e+00
3.693327085912154750e+00
3.679726963453133770e+00
3.666214163664073933e+00
3.652786693144291608e+00
3.639442590823841250e+00
3.626179905217597366e+00
3.612996676736764723e+00
3.599890925069840986e+00
3.586860640924757426e+00
3.573903780918519235e+00
3.561018264156483148e+00
3.548201969061164363e+00
3.535452729249162651e+00
3.522768327645891873e+00
3.510146488487451588e+00
3.497584867305771894e+00
3.485081039359264388e+00
3.472632487213428654e+00
3.460236588278811531e+00
3.447890603088235473e+00
3.435591664974300130e+00
3.423336771636551923e+00
3.411122778914394083e+00
3.398946396949370730e+00
3.386804188858703490e+00
3.374692572064339036e+00
3.362607822522544865e+00
3.350546082256443015e+00
3.338503370772651913e+00
3.326475601100931989e+00
3.314458601287429751e+00
3.302448142158570299e+00
3.290439972024358894e+00
3.278429858693582499e+00
3.266413638737746705e+00
3.254387273392622681e+00
3.242346909878455197e+00
3.230288946314924914e+00
3.218210097877961751e+00
3.206107461459198227e+00
3.193978575898721139e+00
3.181821474899686031e+00
3.169634730005702838e+00
3.157417481510599089e+00
3.145169455834813999e+00
3.132890968685253519e+00
3.120582914145685560e+00
3.108246740646412043e+00
3.095884415460371741e+00
3.083498379904267672e+00
3.071091497743322130e+00
3.058666999387710916e+00
3.046228424338154106e+00
3.033779564024391640e+00
3.021324406740252044e+00
3.008867085880511549e+00
2.996411832194135094e+00
2.983962930341410580e+00
2.971524679716556427e+00
2.959101359288875965e+00
2.946697196120541040e+00
2.934316337217283799e+00
2.921962824430261119e+00
2.909640572219753363e+00
2.897353348184827038e+00
2.885104756334803344e+00
2.872898223116189254e+00
2.860736986208610944e+00
2.848624086071046779e+00
2.836562360164946561e+00
2.824554439716880694e+00
2.812602748821775744e+00
2.800709505639444874e+00
2.788876725406747248e+00
2.777106224978465487e+00
2.765399628619351624e+00
2.753758374794021080e+00
2.742183723734485490e+00
2.730676765601050437e+00
2.719238429086554554e+00
2.707869490341955565e+00
2.696570582122251203e+00
2.685342203064632560e+00
2.674184727017593133e+00
2.663098412342137067e+00
2.652083411107009514e+00
2.641139778100984437e+00
2.630267479588798807e+00
2.619466401743749451e+00
2.608736358699651703e+00
2.598077100177156318e+00
2.587488318652794383e+00
2.576969656052907620e+00
2.566520709966778835e+00
2.556141039383469149e+00
2.545830169964176104e+00
2.535587598866431147e+00
2.525412799138615494e+00
2.515305223703544257e+00
2.505264308949411323e+00
2.495289477945584089e+00
2.485380143300690570e+00
2.475535709680836582e+00
2.465755576007440997e+00
2.456039137356070157e+00
2.446385786580020927e+00
2.436794915684296292e+00
2.427265916976879545e+00
2.417798184024401387e+00
2.408391112438394543e+00
2.399044100516293021e+00
2.389756549758599302e+00
2.380527865280501310e+00
2.371357456132959562e+00
2.362244735545525831e+00
2.353189121100824899e+00
2.344190034849111814e+00
2.335246903370246763e+00
2.326359157790148569e+00
2.317526233758406384e+00
2.308747571393831244e+00
2.300022615204371679e+00
2.291350813987445001e+00
2.282731620716132337e+00
2.274164492415790217e+00
2.265648890034787311e+00
2.257184278312146741e+00
2.248770125644282913e+00
2.240405903952351174e+00
2.232091088551647395e+00
2.223825158024255622e+00
2.215607594096268063e+00
2.207437881520971423e+00
2.199315507969431316e+00
2.191239963929889623e+00
2.183210742617168965e+00
2.175227339893159417e+00
2.167289254199082471e+00
2.159395986499902165e+00
2.151547040241152509e+00
2.143741921318095045e+00
2.135980138057170574e+00
2.128261201209689091e+00
2.120584623957694426e+00
2.112949921932063546e+00
2.105356613242956865e+00
2.097804218522650199e+00
2.090292260980890493e+00
2.082820266472675375e+00
2.075387763578382838e+00
2.067994283696002800e+00
2.060639361145208959e+00
2.053322533282961881e+00
2.046043340630331109e+00
2.038801327010351994e+00
2.031596039696699219e+00
2.024427029573170334e+00
2.017293851303878505e+00
2.010196063514242404e+00
2.003133228982706626e+00
1.996104914843241485e+00
1.989110692798469859e+00
1.982150139343413331e+00
1.975222835999546733e+00
1.968328369559013469e+00
1.961466332338655860e+00
1.954636322443539909e+00
1.947837944039493063e+00
1.941070807634239559e+00
1.934334530366458527e+00
1.927628736302111845e+00
1.920953056737209952e+00
1.914307130506150312e+00
1.907690604294596692e+00
1.901103132955840325e+00
1.894544379829531611e+00
1.888014017061582894e+00
1.881511725924066791e+00
1.875037197133846423e+00
1.868590131168682777e+00
1.862170238579483605e+00
1.855777240297321828e+00
1.849410867933816816e+00
1.843070864073344195e+00
1.836756982555578288e+00
1.830468988746690062e+00
1.824206659797565688e+00
1.817969784887331075e+00
1.811758165450388702e+00
1.805571615385189732e+00
1.799409961242964373e+00
1.793273042394546435e+00
1.787160711173575667e+00
1.781072832994355704e+00
1.775009286442695622e+00
1.768969963338302254e+00
1.762954768767257097e+00
1.756963621083484695e+00
1.750996451878043647e+00
1.745053205915492400e+00
1.739133841036586414e+00
1.733238328026828201e+00
1.727366650450557817e+00
1.721518804450435258e+00
1.715694798512309216e+00
1.709894653195687564e+00
1.704118400830151092e+00
1.698366085178194096e+00
1.692637761065202806e+00
1.686933493977354148e+00
1.681253359628459121e+00
1.675597443496930961e+00
1.669965840334189267e+00
1.664358653646015540e+00
1.658775995148575877e+00
1.653217984200865853e+00
1.647684747215628631e+00
1.642176417050778436e+00
1.636693132383507887e+00
1.631235037069310945e+00
1.625802279488318902e+00
1.620395011881078373e+00
1.615013389676313693e+00
1.609657570812875749e+00
1.604327715058235793e+00
1.599023983325902787e+00
1.593746536994003815e+00
1.588495537227357257e+00
1.583271144305327782e+00
1.578073516957691824e+00
1.572902811710776394e+00
1.567759182246032168e+00
1.562642778773198460e+00
1.557553747420085788e+00
1.552492229640970223e+00
1.547458361645451141e+00
1.542452273849475253e+00
1.537474090350180234e+00
1.532523928426025250e+00
1.527601898063494001e+00
1.522708101511665246e+00
1.517842632865635366e+00
1.513005577679779723e+00
1.508197012611630417e+00
1.503417005097095638e+00
1.498665613057470924e+00
1.493942884638720159e+00
1.489248857983189511e+00
1.484583561033909094e+00
1.479947011371304022e+00
1.475339216082200311e+00
1.470760171660604687e+00
1.466209863939777369e+00
1.461688268054881279e+00
1.457195348435375681e+00
1.452731058826171040e+00
1.448295342336529234e+00
1.443888131515443707e+00
1.439509348452262305e+00
1.435158904901147281e+00
1.430836702427894735e+00
1.426542632577541436e+00
1.422276577061155622e+00
1.418038407960102942e+00
1.413827987946048470e+00
1.409645170514993051e+00
1.405489800233505893e+00
1.401361712995485842e+00
1.397260736287677885e+00
1.393186689462298622e+00
1.389139384015187328e+00
1.385118623867820364e+00
1.381124205651961034e+00
1.377155918995362160e+00
1.373213546807417362e+00
1.369296865563657928e+00
1.365405645587997041e+00
1.361539651332029255e+00
1.357698641650583404e+00
1.353882370073056451e+00
1.350090585070095939e+00
1.346323030315404345e+00
1.342579444942573641e+00
1.338859563796965801e+00
1.335163117682800937e+00
1.331489833605733253e+00
1.327839435011263891e+00
1.324211642019497592e+00
1.320606171656708572e+00
1.317022738084380418e+00
1.313461052826295106e+00
1.309920824994327271e+00
1.306401761513631410e+00
1.302903567347837299e+00
1.299425945724850262e+00
1.295968598363846480e+00
1.292531225703994924e+00
1.289113527135261617e+00
1.285715201231783400e+00
1.282335945988007264e+00
1.278975459057813069e+00
1.275633437996746000e+00
1.272309580507352766e+00
1.269003584687520503e+00
1.265715149281735563e+00
1.262443973934876951e+00
1.259189759448396728e+00
1.255952208038317863e+00
1.252731023594730653e+00
1.249525911942191980e+00
1.246336581100495167e+00
1.243162741545170924e+00
1.240004106467091027e+00
1.236860392030395550e+00
1.233731317628118163e+00
1.230616606134577795e+00
1.227515984153823236e+00
1.224429182263195859e+00
1.221355935251118963e+00
1.218295982348169160e+00
1.215249067450435483e+00
1.212214939334139263e+00
1.209193351860486265e+00
1.206184064169639969e+00
1.203186840862810358e+00
1.200201452171301586e+00
1.197227674111533968e+00
1.194265288624971832e+00
1.191314083702043503e+00
1.188373853489127496e+00
1.185444398377782038e+00
1.182525525075599715e+00
1.179617046658048896e+00
1.176718782600885804e+00
1.173830558792909651e+00
1.170952207528892730e+00
1.168083567482787410e+00
1.165224483661472243e+00
1.162374807339421334e+00
1.159534395974999743e+00
1.156703113109105230e+00
1.153880828247250134e+00
1.151067416726172521e+00
1.148262759566373470e+00
1.145466743312044233e+00
1.142679259860081675e+00
1.139900206279880868e+00
1.137129484625876819e+00
1.134367001744742254e+00
1.131612669079333999e+00
1.128866402471459862e+00
1.126128121965614071e+00
1.123397751615777818e+00
1.120675219297446512e+00
1.117960456526914115e+00
1.115253398289842268e+00
1.112553982881004710e+00
1.109862151756986215e+00
1.107177849403472525e+00
1.104501023218500633e+00
1.101831623412899974e+00
1.099169602928798284e+00
1.096514917376775866e+00
1.093867524991870788e+00
1.091227386608227157e+00
1.088594465651739007e+00
1.085968728149517393e+00
1.083350142754534451e+00
1.080738680783204675e+00
1.078134316263216874e+00
1.075537025988314355e+00
1.072946789576318949e+00
1.070363589526212467e+00
1.067787411269737419e+00
1.065218243212791016e+00
1.062656076761504975e+00
1.060100906328063086e+00
1.057552729311107997e+00
1.055011546045715232e+00
1.052477359717986616e+00
1.049950176239308863e+00
1.047430004075283971e+00
1.044916854024168673e+00
1.042410738939199444e+00
1.039911673388690394e+00
1.037419673246875451e+00
1.034934755207797208e+00
1.032456936213679954e+00
1.029986232789082301e+00
1.027522660272687460e+00
1.025066231940676698e+00
1.022616958019679556e+00
1.020174844594023300e+00
1.017739892421737791e+00
1.015312095686632166e+00
1.012891440729504211e+00
1.010477904818857908e+00
1.008071455038856312e+00
1.005672047386551249e+00
1.003279626179059081e+00
1.000894123870299302e+00
9.985154613638371757e-01
9.961435488813312755e-01
9.937782874057756732e-01
9.914195706680019038e-01
9.890672875894355176e-01
9.867213250414371695e-01
9.843815707399080628e-01
9.820479160706551136e-01
9.797202586408971792e-01
9.773985043767385861e-01
9.750825690318958294e-01
9.727723790334101839e-01
9.704678716563778229e-01
9.681689945827361976e-01
9.658757049508835957e-01
9.635879680374671574e-01
9.613057557278027465e-01
9.590290449276703821e-01
9.567578160494653039e-01
9.544920516753467865e-01
9.522317354640476017e-01
9.499768513321413810e-01
9.477273829087972112e-01
9.454833132384251604e-01
9.432446246892606245e-01
9.410112990180772297e-01
9.387833175400958075e-01
9.365606613578304485e-01
9.343433116101225178e-01
9.321312497119805807e-01
9.299244575648385469e-01
9.277229177249950443e-01
9.255266135244644143e-01
9.233355291433003043e-01
9.211496496357753916e-01
9.189689609149610527e-01
9.167934497016151374e-01
9.146231034442230401e-01
9.124579102174070755e-01
9.102978586063386057e-01
9.081429375846056251e-01
9.059931363926880810e-01
9.038484444232789405e-01
9.017088511186092115e-01
8.995743458835102624e-01
8.974449180164324469e-01
8.953205566591926345e-01
8.932012507651840849e-01
8.910869890848285291e-01
8.889777601665560525e-01
8.868735523713254798e-01
8.847743538984502720e-01
8.826801528203434000e-01
8.805909371235749461e-01
8.785066947534495574e-01
8.764274136592712372e-01
8.743530818375017111e-01
8.722836873705034355e-01
8.702192184590391566e-01
8.681596634475428065e-01
8.661050108418442139e-01
8.640552493195944317e-01
8.620103677341630632e-01
8.599703551128399237e-01
8.579352006503377925e-01
8.559048936985564904e-01
8.538794237536084797e-01
8.518587804411499320e-01
8.498429535010654234e-01
8.478319327725019061e-01
8.458257081801232591e-01
8.438242697221693955e-01
8.418276074606387827e-01
8.398357115135572926e-01
8.378485720492152566e-01
8.358661792820430980e-01
8.338885234698996118e-01
8.319155949125036642e-01
8.299473839508157980e-01
8.279838809671534738e-01
8.260250763857547307e-01
8.240709606736048576e-01
8.221215243411574836e-01
8.201767579428637100e-01
8.182366520773486362e-01
8.163011973872305038e-01
8.143703845587344503e-01
8.124442043210727826e-01
8.105226474456912467e-01
8.086057047454250357e-01
8.066933670735771944e-01
8.047856253228891088e-01
8.028824704245407506e-01
8.009838933471551403e-01
7.990898850959312627e-01
7.972004367118818990e-01
7.953155392711749316e-01
7.934351838845719040e-01
7.915593616968517043e-01
7.896880638862691093e-01
7.878212816639835747e-01
7.859590062734786997e-01
7.841012289900074483e-01
7.822479411199916299e-01
7.803991340004037269e-01
7.785547989980781125e-01
7.767149275089918481e-01
7.748795109574722062e-01
7.730485407954083010e-01
7.712220085014662718e-01
7.693999055803042442e-01
7.675822235618222633e-01
7.657689540004205542e-01
7.639600884742929754e-01
7.621556185847658815e-01
7.603555359556781745e-01
7.585598322328657162e-01
7.567684990836565095e-01
7.549815281964621372e-01
7.531989112803605391e-01
7.514206400647645001e-01
7.496467062990681551e-01
7.478771017523492270e-01
7.461118182130629384e-01
7.443508474887761128e-01
7.425941814058383272e-01
7.408418118090877025e-01
7.390937305615242758e-01
7.373499295439703838e-01
7.356104006547339313e-01
7.338751358092492350e-01
7.321441269397245266e-01
7.304173659947597042e-01
7.286948449389714089e-01
7.269765557526229882e-01
7.252624904312563459e-01
7.235526409853199059e-01
7.218469994398175604e-01
7.201455578339622798e-01
7.184483082208402704e-01
7.167552426670854571e-01
7.150663532525738386e-01
7.133816320701298341e-01
7.117010712252540561e-01
7.100246628358387602e-01
7.083523990319149366e-01
7.066842719553971808e-01
7.050202737598438851e-01
7.033603966102133231e-01
7.017046326826357205e-01
7.000529741641778880e-01
6.984054132526116287e-01
6.967619421562020188e-01
6.951225530934814767e-01
6.934872382930276080e-01
6.918559899932500423e-01
6.902288004421764933e-01
6.886056618972409282e-01
6.869865666250836167e-01
6.853715069013276429e-01
6.837604750103988271e-01
6.821534632453107871e-01
6.805504639074900775e-01
6.789514693065676898e-01
6.773564717602076346e-01
6.757654635939296384e-01
6.741784371409167420e-01
6.725953847418714160e-01
6.710162987448162752e-01
6.694411715049446432e-01
6.678699953844645654e-01
6.663027627524263918e-01
6.647394659845844433e-01
6.631800974632323653e-01
6.616246495770650160e-01
6.600731147210351368e-01
6.585254852962085792e-01
6.569817537096260818e-01
6.554419123741752617e-01
6.539059537084567220e-01
6.523738701366516013e-01
6.508456540884051122e-01
6.493212979986946465e-01
6.478007943077241926e-01
6.462841354608040989e-01
6.447713139082453804e-01
6.432623221052453655e-01
6.417571525117946596e-01
6.402557975925733391e-01
6.387582498168538070e-01
6.372645016584088662e-01
6.357745455954241232e-01
6.342883741104085038e-01
6.328059796901120970e-01
6.313273548254560996e-01
6.298524920114421111e-01
6.283813837470981767e-01
6.269140225353964091e-01
6.254504008831929251e-01
6.239905113011648963e-01
6.225343463037553704e-01
6.210818984091035500e-01
6.196331601390154820e-01
6.181881240188848992e-01
6.167467825776815626e-01
6.153091283478723250e-01
6.138751538654082518e-01
6.124448516696802125e-01
6.110182143034803559e-01
6.095952343129777962e-01
6.081759042476866384e-01
6.067602166604484371e-01
6.053481641073970021e-01
6.039397391479542909e-01
6.025349343448128669e-01
6.011337422639113637e-01
5.997361554744398138e-01
5.983421665488244390e-01
5.969517680627249856e-01
5.955649525950421630e-01
5.941817127279005462e-01
5.928020410466734447e-01
5.914259301399709123e-01
5.900533725996620626e-01
5.886843610208869482e-01
5.873188880020595581e-01
5.859569461448975725e-01
5.845985280544367946e-01
5.832436263390532449e-01
5.818922336104839221e-01
5.805443424838622191e-01
5.791999455777371297e-01
5.778590355141105528e-01
5.765216049184669345e-01
5.751876464198077965e-01
5.738571526506988096e-01
5.725301162472876682e-01
5.712065298493729237e-01
5.698863861004318521e-01
5.685696776476556469e-01
5.672563971420232498e-01
5.659465372383276627e-01
5.646400905952327909e-01
5.633370498753283995e-01
5.620374077451859574e-01
5.607411568754028242e-01
5.594482899406745258e-01
5.581587996198386081e-01
5.568726785959500214e-01
5.555899195563244186e-01
5.543105151926133178e-01
5.530344582008754895e-01
5.517617412816175904e-01
5.504923571398766535e-01
5.492262984852990249e-01
5.479635580321821076e-01
5.467041284995637351e-01
5.454480026112904500e-01
5.441951730960811195e-01
5.429456326876058725e-01
5.416993741245678118e-01
5.404563901507538626e-01
5.392166735151342483e-01
5.379802169719344329e-01
5.367470132806966276e-01
5.355170552063714950e-01
5.342903355193917569e-01
5.330668469957583477e-01
5.318465824171021428e-01
5.306295345707864319e-01
5.294156962499594332e-01
5.282050602536720874e-01
5.269976193869196912e-01
5.257933664607526980e-01
5.245922942923411103e-01
5.233943957050664064e-01
5.221996635286019206e-01
5.210080905989885602e-01
5.198196697587251780e-01
5.186343938568511724e-01
5.174522557490250918e-01
5.162732482976091219e-01
5.150973643717489114e-01
5.139245968474657200e-01
5.127549386077266957e-01
5.115883825425440179e-01
5.104249215490378466e-01
5.092645485315310250e-01
5.081072564016329007e-01
5.069530380783104917e-01
5.058018864879871845e-01
5.046537945646043521e-01
5.035087552497176100e-01
5.023667614925735325e-01
5.012278062501833720e-01
5.000918824874183155e-01
4.989589831770713246e-01
4.978291012999502274e-01
4.967022298449491058e-01
4.955783618091283427e-01
4.944574901977962789e-01
4.933396080245792126e-01
4.922247083115000033e-01
4.911127840890580631e-01
4.900038283963071839e-01
4.888978342809127686e-01
4.877947947992525290e-01
4.866947030164633925e-01
4.855975520065308748e-01
4.845033348523572481e-01
4.834120446458255449e-01
4.823236744878814930e-01
4.812382174885938002e-01
4.801556667672243206e-01
4.790760154522982761e-01
4.779992566816645416e-01
4.769253836025748039e-01
4.758543893717279150e-01
4.747862671553570446e-01
4.737210101292726461e-01
4.726586114789362858e-01
4.715990643995136011e-01
4.705423620959413578e-01
4.694884977829841266e-01
4.684374646852852431e-01
4.673892560374343086e-01
4.663438650840107114e-01
4.653012850796508504e-01
4.642615092890848283e-01
4.632245309872102257e-01
4.621903434591184689e-01
4.611589400001609995e-01
4.601303139159951816e-01
4.591044585226210506e-01
4.580813671464442072e-01
4.570610331243061819e-01
4.560434498035238482e-01
4.550286105419535931e-01
4.540165087080055284e-01
4.530071376807008887e-01
4.520004908497012863e-01
4.509965616153439605e-01
4.499953433886808574e-01
4.489968295915133245e-01
4.480010136564152035e-01
4.470078890267774052e-01
4.460174491568203448e-01
4.450296875116318551e-01
4.440445975672003831e-01
4.430621728104161550e-01
4.420824067391133094e-01
4.411052928620898816e-01
4.401308246991223472e-01
4.391589957809814981e-01
4.381897996494535374e-01
4.372232298573563436e-01
4.362592799685495737e-01
4.352979435579449330e-01
4.343392142115218846e-01
4.333830855263290371e-01
4.324295511104908063e-01
4.314786045832217920e-01
4.305302395748240585e-01
4.295844497266825823e-01
4.286412286912715253e-01
4.277005701321480169e-01
4.267624677239586495e-01
4.258269151524166074e-01
4.248939061143087170e-01
4.239634343174795705e-01
4.230354934808174261e-01
4.221100773342529311e-01
4.211871796187286465e-01
4.202667940861907203e-01
4.193489144995773410e-01
4.184335346327759941e-01
4.175206482706267375e-01
4.166102492088851195e-01
4.157023312541938687e-01
4.147968882240504196e-01
4.138939139468023609e-01
4.129934022615832090e-01
4.120953470182976974e-01
4.111997420775800327e-01
4.103065813107532600e-01
4.094158585998020072e-01
4.085275678373136432e-01
4.076417029264480796e-01
4.067582577808828148e-01
4.058772263247724110e-01
4.049986024926986450e-01
4.041223802296118883e-01
4.032485534907889746e-01
4.023771162417634217e-01
4.015080624582862967e-01
4.006413861262551057e-01
3.997770812416546748e-01
3.989151418104944224e-01
3.980555618487475189e-01
3.971983353822863827e-01
3.963434564468026888e-01
3.954909190877485825e-01
3.946407173602661800e-01
3.937928453291023589e-01
3.929472970685454203e-01
3.921040666623433202e-01
3.912631482036295627e-01
3.904245357948276651e-01
3.895882235475990885e-01
3.887542055827292176e-01
3.879224760300575281e-01
3.870930290283964292e-01
3.862658587254302889e-01
3.854409592776412707e-01
3.846183248502050844e-01
3.837979496169081628e-01
3.829798277600555134e-01
3.821639534703707985e-01
3.813503209469096822e-01
3.805389243969568014e-01
3.797297580359349500e-01
3.789228160873001627e-01
3.781180927824571714e-01
3.773155823606428316e-01
3.765152790688415796e-01
3.757171771616721334e-01
3.749212709012985090e-01
3.741275545573258254e-01
3.733360224066976651e-01
3.725466687335917682e-01
3.717594878293212224e-01
3.709744739922403722e-01
3.701916215276350175e-01
3.694109247476198843e-01
3.686323779710486415e-01
3.678559755234021011e-01
3.670817117367003446e-01
3.663095809493978061e-01
3.655395775062833530e-01
3.647716957583894137e-01
3.640059300628933348e-01
3.632422747830285625e-01
3.624807242879822256e-01
3.617212729528104243e-01
3.609639151583572958e-01
3.602086452911428260e-01
3.594554577433052844e-01
3.587043469125010264e-01
3.579553072018313298e-01
3.572083330197526330e-01
3.564634187800195808e-01
3.557205589015937641e-01
3.549797478085806590e-01
3.542409799301645679e-01
3.535042497005427831e-01
3.527695515588621378e-01
3.520368799491667144e-01
3.513062293203401687e-01
3.505775941260621531e-01
3.498509688247509741e-01
3.491263478795377795e-01
3.484037257582174307e-01
3.476830969332170840e-01
3.469644558815779267e-01
3.462477970849143216e-01
3.455331150294144171e-01
3.448204042058080065e-01
3.441096591093683599e-01
3.434008742399144443e-01
3.426940441017891636e-01
3.419891632038964957e-01
3.412862260596853936e-01
3.405852271871917525e-01
3.398861611090459034e-01
3.391890223525088066e-01
3.384938054495084669e-01
3.378005049366697432e-01
3.371091153553796849e-01
3.364196312518227816e-01
3.357320471770501302e-01
3.350463576870449378e-01
3.343625573427808084e-01
3.336806407103093952e-01
3.330006023608474974e-01
3.323224368708520005e-01
3.316461388221205731e-01
3.309717028018939189e-01
3.302991234029676870e-01
3.296283952237863413e-01
3.289595128685744996e-01
3.282924709474668856e-01
3.276272640766175193e-01
3.269638868783481533e-01
3.263023339812850532e-01
3.256426000205032145e-01
3.249846796376693048e-01
3.243285674812112496e-01
3.236742582064643381e-01
3.230217464758285972e-01
3.223710269589584176e-01
3.217220943329229255e-01
3.210749432823697402e-01
3.204295684997238713e-01
3.197859646853639104e-01
3.191441265477987232e-01
3.185040488038709539e-01
3.178657261789353261e-01
3.172291534070717511e-01
3.165943252312521383e-01
3.159612364035670473e-01
3.153298816854091524e-01
3.147002558476802436e-01
3.140723536709970620e-01
3.134461699458803707e-01
3.128216994729743905e-01
3.121989370632409222e-01
3.115778775381733423e-01
3.109585157299809555e-01
3.103408464818108170e-01
3.097248646479443535e-01
3.091105650939886540e-01
3.084979426970878569e-01
3.078869923461161617e-01
3.072777089418672336e-01
3.066700873972574848e-01
3.060641226375111490e-01
3.054598096003481311e-01
3.048571432361663058e-01
3.042561185082259811e-01
3.036567303928324746e-01
3.030589738795028687e-01
3.024628439711359307e-01
3.018683356841851406e-01
3.012754440488140117e-01
3.006841641090566286e-01
3.000944909229701363e-01
2.995064195627824555e-01
2.989199451150345577e-01
2.983350626807175221e-01
2.977517673754099814e-01
2.971700543293940289e-01
2.965899186877947180e-01
2.960113556106807597e-01
2.954343602731841489e-01
2.948589278655953660e-01
2.942850535934818934e-01
2.937127326777616565e-01
2.931419603548006680e-01
2.925727318764994589e-01
2.920050425103559721e-01
2.914388875395529377e-01
2.908742622630136054e-01
2.903111619954618083e-01
2.897495820674751976e-01
2.891895178255398657e-01
2.886309646320861511e-01
2.880739178655262189e-01
2.875183729202919758e-01
2.869643252068573291e-01
2.864117701517593928e-01
2.858607031976115320e-01
2.853111198031250129e-01
2.847630154431087246e-01
2.842163856084646278e-01
2.836712258062003000e-01
2.831275315594049546e-01
2.825852984072491081e-01
2.820445219049668717e-01
2.815051976238309162e-01
2.809673211511256041e-01
2.804308880901339451e-01
2.798958940600914658e-01
2.793623346961520149e-01
2.788302056493600078e-01
2.782995025865995786e-01
2.777702211905471730e-01
2.772423571596320246e-01
2.767159062079804777e-01
2.761908640653635838e-01
2.756672264771438674e-01
2.751449892042077128e-01
2.746241480229216214e-01
2.741046987250527756e-01
2.735866371177200773e-01
2.730699590233080509e-01
2.725546602794214346e-01
2.720407367388016362e-01
2.715281842692610637e-01
2.710169987536074077e-01
2.705071760895710886e-01
2.699987121897406972e-01
2.694916029814700131e-01
2.689858444068181642e-01
2.684814324224611415e-01
2.679783629996255745e-01
2.674766321240013012e-01
2.669762357956644294e-01
2.664771700290058942e-01
2.659794308526424733e-01
2.654830143093493966e-01
2.649879164559644229e-01
2.644941333633296088e-01
2.640016611161909443e-01
2.635104958131414543e-01
2.630206335665175033e-01
2.625320705023453383e-01
2.620448027602420571e-01
2.615588264933499940e-01
2.610741378682561731e-01
2.605907330649172571e-01
2.601086082765682872e-01
2.596277597096777190e-01
2.591481835838412850e-01
2.586698761317202111e-01
2.581928335989645551e-01
2.577170522441508682e-01
2.572425283386897688e-01
2.567692581667634921e-01
2.562972380252632187e-01
2.558264642237008668e-01
2.553569330841559681e-01
2.548886409411902920e-01
2.544215841418011603e-01
2.539557590453286329e-01
2.534911620234063245e-01
2.530277894598940702e-01
2.525656377508029848e-01
2.521047033042457808e-01
2.516449825403611618e-01
2.511864718912552030e-01
2.507291678009423430e-01
2.502730667252811569e-01
2.498181651319161811e-01
2.493644595002215136e-01
2.489119463212323136e-01
2.484606220976013358e-01
2.480104833435364253e-01
2.475615265847292135e-01
2.471137483583313588e-01
2.466671452128750275e-01
2.462217137082242380e-01
2.457774504155287032e-01
2.453343519171692910e-01
2.448924148066950468e-01
2.444516356887965480e-01
2.440120111792341007e-01
2.435735379047915539e-01
2.431362125032429655e-01
2.427000316232863497e-01
2.422649919245050965e-01
2.418310900773226746e-01
2.413983227629501460e-01
2.409666866733473911e-01
2.405361785111741479e-01
2.401067949897502385e-01
2.396785328330031661e-01
2.392513887754326163e-01
2.388253595620700998e-01
2.384004419484263004e-01
2.379766327004582682e-01
2.375539285945295620e-01
2.371323264173586520e-01
2.367118229659917472e-01
2.362924150477560270e-01
2.358740994802227264e-01
2.354568730911672514e-01
2.350407327185334572e-01
2.346256752103910992e-01
2.342116974248977801e-01
2.337987962302774392e-01
2.333869685047559872e-01
2.329762111365515642e-01
2.325665210238230807e-01
2.321578950746371883e-01
2.317503302069402749e-01
2.313438233485130002e-01
2.309383714369396545e-01
2.305339714195774881e-01
2.301306202535222667e-01
2.297283149055656948e-01
2.293270523521739046e-01
2.289268295794439079e-01
2.285276435830814190e-01
2.281294913683547532e-01
2.277323699500761189e-01
2.273362763525612618e-01
2.269412076095982944e-01
2.265471607644125862e-01
2.261541328696476116e-01
2.257621209873226231e-01
2.253711221888027860e-01
2.249811335547688418e-01
2.245921521751925720e-01
2.242041751492950818e-01
2.238171995855231522e-01
2.234312226015233160e-01
2.230462413241017516e-01
2.226622528892009123e-01
2.222792544418638327e-01
2.218972431362197517e-01
2.215162161354282677e-01
2.211361706116830861e-01
2.207571037461484309e-01
2.203790127289615985e-01
2.200018947591745044e-01
2.196257470447522953e-01
2.192505668025263310e-01
2.188763512581754500e-01
2.185030976461841967e-01
2.181308032098367156e-01
2.177594652011631271e-01
2.173890808809346153e-01
2.170196475186149665e-01
2.166511623923509933e-01
2.162836227889348151e-01
2.159170260037709954e-01
2.155513693408613596e-01
2.151866501127729092e-01
2.148228656406046821e-01
2.144600132539657422e-01
2.140980902909520311e-01
2.137370940981070666e-01
2.133770220304050391e-01
2.130178714512219185e-01
2.126596397323085308e-01
2.123023242537578348e-01
2.119459224039852430e-01
2.115904315797038637e-01
2.112358491858881693e-01
2.108821726357508197e-01
2.105293993507265371e-01
2.101775267604294728e-01
2.098265523026382195e-01
2.094764734232670844e-01
2.091272875763378336e-01
2.087789922239488283e-01
2.084315848362677248e-01
2.080850628914790446e-01
2.077394238757786782e-01
2.073946652833393856e-01
2.070507846162875920e-01
2.067077793846742728e-01
2.063656471064537479e-01
2.060243853074525955e-01
2.056839915213480308e-01
2.053444632896482547e-01
2.050057981616523750e-01
2.046679936944338640e-01
2.043310474528175769e-01
2.039949570093482767e-01
2.036597199442722328e-01
2.033253338455064674e-01
2.029917963086097232e-01
2.026591049367723607e-01
2.023272573407758068e-01
2.019962511389761239e-01
2.016660839572785302e-01
2.013367534291042316e-01
2.010082571953824004e-01
2.006805929045079873e-01
2.003537582123266492e-01
2.000277507821070500e-01
1.997025682845200156e-01
1.993782083976106401e-01
1.990546688067730829e-01
1.987319472047291702e-01
1.984100412914996114e-01
1.980889487743885680e-01
1.977686673679480145e-01
1.974491947939653325e-01
1.971305287814260065e-01
1.968126670665023281e-01
1.964956073925229751e-01
1.961793475099487538e-01
1.958638851763522815e-01
1.955492181563907861e-01
1.952353442217780732e-01
1.949222611512821113e-01
1.946099667306664116e-01
1.942984587527022966e-01
1.939877350171189396e-01
1.936777933305908750e-01
1.933686315067187911e-01
1.930602473659991936e-01
1.927526387357996196e-01
1.924458034503430670e-01
1.921397393506811269e-01
1.918344442846636189e-01
1.915299161069319855e-01
1.912261526788844035e-01
1.909231518686504425e-01
1.906209115510754115e-01
1.903194296077000136e-01
1.900187039267246247e-01
1.897187324030035205e-01
1.894195129380087939e-01
1.891210434398135354e-01
1.888233218230702393e-01
1.885263460089827148e-01
1.882301139252929301e-01
1.879346235062506754e-01
1.876398726925941340e-01
1.873458594315265402e-01
1.870525816767041327e-01
1.867600373881904696e-01
1.864682245324614240e-01
1.861771410823681860e-01
1.858867850171154745e-01
1.855971543222424969e-01
1.853082469896074058e-01
1.850200610173508564e-01
1.847325944098911488e-01
1.844458451778882568e-01
1.841598113382357516e-01
1.838744909140220818e-01
1.835898819345271882e-01
1.833059824351960798e-01
1.830227904576073594e-01
1.827403040494584019e-01
1.824585212645572219e-01
1.821774401627788698e-01
1.818970588100576324e-01
1.816173752783646900e-01
1.813383876456872434e-01
1.810600939960060329e-01
1.807824924192735772e-01
1.805055810113961878e-01
1.802293578742136249e-01
1.799538211154723677e-01
1.796789688488196202e-01
1.794047991937619824e-01
1.791313102756637021e-01
1.788585002257189471e-01
1.785863671809234943e-01
1.783149092840737859e-01
1.780441246837272951e-01
1.777740115341945315e-01
1.775045679955169486e-01
1.772357922334369951e-01
1.769676824193976705e-01
1.767002367305065269e-01
1.764334533495175161e-01
1.761673304648185279e-01
1.759018662704097957e-01
1.756370589658808046e-01
1.753729067563893906e-01
1.751094078526499176e-01
1.748465604709053822e-01
1.745843628329207531e-01
1.743228131659409763e-01
1.740619097026955553e-01
1.738016506813704065e-01
1.735420343455817971e-01
1.732830589443696556e-01
1.730247227321694281e-01
1.727670239687982279e-01
1.725099609194288841e-01
1.722535318545858896e-01
1.719977350501076252e-01
1.717425687871466100e-01
1.714880313521316979e-01
1.712341210367644695e-01
1.709808361379954178e-01
1.707281749580119024e-01
1.704761358042010677e-01
1.702247169891535350e-01
1.699739168306369785e-01
1.697237336515689532e-01
1.694741657800115653e-01
1.692252115491546527e-01
1.689768692972792308e-01
1.687291373677603235e-01
1.684820141090405676e-01
1.682354978746107010e-01
1.679895870229954347e-01
1.677442799177322752e-01
1.674995749273589241e-01
1.672554704253883806e-01
1.670119647903012816e-01
1.667690564055172575e-01
1.665267436593860784e-01
1.662850249451695295e-01
1.660438986610179857e-01
1.658033632099604193e-01
1.655634169998834448e-01
1.653240584435120009e-01
1.650852859584013288e-01
1.648470979669059977e-01
1.646094928961789883e-01
1.643724691781415226e-01
1.641360252494732386e-01
1.639001595515947596e-01
1.636648705306506246e-01
1.634301566374851689e-01
1.631960163276430786e-01
1.629624480613339477e-01
1.627294503034350248e-01
1.624970215234518289e-01
1.622651601955218681e-01
1.620338647983925462e-01
1.618031338153952670e-01
1.615729657344441850e-01
1.613433590480142787e-01
1.611143122531167593e-01
1.608858238512978212e-01
1.606578923486106647e-01
1.604305162556090569e-01
1.602036940873203530e-01
1.599774243632427206e-01
1.597517056073211872e-01
1.595265363479305143e-01
1.593019151178667325e-01
1.590778404543252145e-01
1.588543108988873243e-01
1.586313249975089268e-01
1.584088813005019580e-01
1.581869783625092507e-01
1.579656147425089752e-01
1.577447890037844969e-01
1.575244997139147451e-01
1.573047454447580873e-01
1.570855247724361192e-01
1.568668362773206204e-01
1.566486785440183716e-01
1.564310501613577487e-01
1.562139497223672124e-01
1.559973758242674258e-01
1.557813270684577089e-01
1.555658020604903657e-01
1.553507994100716549e-01
1.551363177310354780e-01
1.549223556413301117e-01
1.547089117630112143e-01
1.544959847222197036e-01
1.542835731491728202e-01
1.540716756781433938e-01
1.538602909474481584e-01
1.536494175994416733e-01
1.534390542804904001e-01
1.532291996409640145e-01
1.530198523352213902e-01
1.528110110215926409e-01
1.526026743623763726e-01
1.523948410238084583e-01
1.521875096760642032e-01
1.519806789932383329e-01
1.517743476533241764e-01
1.515685143382141664e-01
1.513631777336766349e-01
1.511583365293423520e-01
1.509539894186930908e-01
1.507501350990498867e-01
1.505467722715569390e-01
1.503438996411718409e-01
1.501415159166414326e-01
1.499396198105060751e-01
1.497382100390705073e-01
1.495372853223963516e-01
1.493368443842978677e-01
1.491368859523098389e-01
1.489374087576883221e-01
1.487384115353994063e-01
1.485398930240982573e-01
1.483418519661180990e-01
1.481442871074586110e-01
1.479471971977776301e-01
1.477505809903631728e-01
1.475544372421440098e-01
1.473587647136568035e-01
1.471635621690426665e-01
1.469688283760332559e-01
1.467745621059379224e-01
1.465807621336305266e-01
1.463874272375365604e-01
1.461945561996263743e-01
1.460021478053938337e-01
1.458102008438458275e-01
1.456187141075052094e-01
1.454276863923691099e-01
1.452371164979269214e-01
1.450470032271274357e-01
1.448573453863806759e-01
1.446681417855308904e-01
1.444793912378580514e-01
1.442910925600665029e-01
1.441032445722549848e-01
1.439158460979265419e-01
1.437288959639673736e-01
1.435423930006292370e-01
1.433563360415310850e-01
1.431707239236318929e-01
1.429855554872336010e-01
1.428008295759611301e-01
1.426165450367518905e-01
1.424327007198420980e-01
1.422492954787673847e-01
1.420663281703322678e-01
1.418837976546149515e-01
1.417017027949473706e-01
1.415200424579087513e-01
1.413388155133059876e-01
1.411580208341753628e-01
1.409776572967590125e-01
1.407977237805063953e-01
1.406182191680443172e-01
1.404391423451907817e-01
1.402604922009201283e-01
1.400822676273681677e-01
1.399044675198151677e-01
1.397270907766758052e-01
1.395501362994849281e-01
1.393736029928907827e-01
1.391974897646505449e-01
1.390217955256038418e-01
1.388465191896721129e-01
1.386716596738485352e-01
1.384972158981847279e-01
1.383231867857826758e-01
1.381495712627795469e-01
1.379763682583394213e-01
1.378035767046505433e-01
1.376311955368945128e-01
1.374592236932643541e-01
1.372876601149295994e-01
1.371165037460375657e-01
1.369457535337001708e-01
1.367754084279908244e-01
1.366054673819152576e-01
1.364359293514303961e-01
1.362667932954015060e-01
1.360980581756217611e-01
1.359297229567833498e-01
1.357617866064745604e-01
1.355942480951639606e-01
1.354271063962011468e-01
1.352603604858000352e-01
1.350940093430240130e-01
1.349280519497903508e-01
1.347624872908456672e-01
1.345973143537621264e-01
1.344325321289334130e-01
1.342681396095575797e-01
1.341041357916239463e-01
1.339405196739199000e-01
1.337772902579984491e-01
1.336144465481940991e-01
1.334519875515860210e-01
1.332899122780139833e-01
1.331282197400520950e-01
1.329669089530090553e-01
1.328059789349104181e-01
1.326454287064949278e-01
1.324852572912053605e-01
1.323254637151793922e-01
1.321660470072359428e-01
1.320070061988679322e-01
1.318483403242374785e-01
1.316900484201648236e-01
1.315321295261131507e-01
1.313745826841868358e-01
1.312174069391216225e-01
1.310606013382722701e-01
