7.358273228265680643e+00
7.113041285371597411e+00
6.891568339215927708e+00
6.690693368674034858e+00
6.507701228131030469e+00
6.340230849506150790e+00
6.186330874157849102e+00
6.044416344129714069e+00
5.913176564991148076e+00
5.791505181106882283e+00
5.678455081311186703e+00
5.573207412330151378e+00
5.475048530746810194e+00
5.383352074361476447e+00
5.297564689247068692e+00
5.217194503922694793e+00
5.141801725195928263e+00
5.070990906507039320e+00
5.004404560887623532e+00
4.941717876946786880e+00
4.882634357796709956e+00
4.826882245477835731e+00
4.774211620800710598e+00
4.724392083049518298e+00
4.677210918317489252e+00
4.632471663080668378e+00
4.589992965898447963e+00
4.549607650118804969e+00
4.511161888133504938e+00
4.474514414230520210e+00
4.439535726299173035e+00
4.406107252080053271e+00
4.374120478371185783e+00
4.343476057999211548e+00
4.314082918095334840e+00
4.285857395034613049e+00
4.258722418313204194e+00
4.232606759954689046e+00
4.207444359676340007e+00
4.183173730262601531e+00
4.159737442992784473e+00
4.137081689680173646e+00
4.115155915749514115e+00
4.093912517541586027e+00
4.073306596409790536e+00
4.053295761933303432e+00
4.033839976551969464e+00
4.014901434036049821e+00
3.996444464404088848e+00
3.978435458201266428e+00
3.960842803479128982e+00
3.943636829410655853e+00
3.926789751256472893e+00
3.910275612369654485e+00
3.894070220058632792e+00
3.878151073361761014e+00
3.862497282042405722e+00
3.847089477295559945e+00
3.831909715676005579e+00
3.816941378536549578e+00
3.802169069752014074e+00
3.787578514679140085e+00
3.773156463177005815e+00
3.758890599125986665e+00
3.744769458298837783e+00
3.730782355732555011e+00
3.716919323004252540e+00
3.703171055107920662e+00
3.689528866025918674e+00
3.675984651640087364e+00
3.662530858358181263e+00
3.649160455749773213e+00
3.635866911576155491e+00
3.622644167830492368e+00
3.609486616735073206e+00
3.596389076024590903e+00
3.583346763231220145e+00
3.570355269038254509e+00
3.557410530053553011e+00
3.544508801552603394e+00
3.531646630846337231e+00
3.518820831944893701e+00
3.506028462126801415e+00
3.493266800902616875e+00
3.480533331703406841e+00
3.467825726449795809e+00
3.455141832986766914e+00
3.442479665219103868e+00
3.429837395664615318e+00
3.417213350063396327e+00
3.404606003644190082e+00
3.392013978649022210e+00
3.379436042750208813e+00
3.366871108049402928e+00
3.354318230417324020e+00
3.341776609005224330e+00
3.329245585826333009e+00
3.316724645360586088e+00
3.304213414175043884e+00
3.291711660573697795e+00
3.279219294294543285e+00
3.266736366262163127e+00
3.254263068384322111e+00
3.241799733356330648e+00
3.229346834411797484e+00
3.216904984937355216e+00
3.204474937854558281e+00
3.192057584666736503e+00
3.179653954072353628e+00
3.167265210058442193e+00
3.154892649406512373e+00
3.142537698566324700e+00
3.130201909877638133e+00
3.117886957143729099e+00
3.105594630581231641e+00
3.093326831186788972e+00
3.081085564571611979e+00
3.068872934319779144e+00
3.056691134925886288e+00
3.044542444363124822e+00
3.032429216325775556e+00
3.020353872181651411e+00
3.008318892661980826e+00
2.996326809309773243e+00
2.984380195703793426e+00
2.972481658474415589e+00
2.960633828130177392e+00
2.948839349719026615e+00
2.937100873355935615e+00
2.925421044657361858e+00
2.913802495132408854e+00
2.902247832588978227e+00
2.890759631620476888e+00
2.879340424243377772e+00
2.867992690758365271e+00
2.856718850907431495e+00
2.845521255396426419e+00
2.834402177847531679e+00
2.823363807239446466e+00
2.812408240885299726e+00
2.801537477989915814e+00
2.790753413819694551e+00
2.780057834510242465e+00
2.769452412529314511e+00
2.758938702805687537e+00
2.748518139528280280e+00
2.738192033614052612e+00
2.727961570838032923e+00
2.717827810613656414e+00
2.707791685407151761e+00
2.697854000765027571e+00
2.688015435929599573e+00
2.678276545013640764e+00
2.668637758701592588e+00
2.659099386442050239e+00
2.649661619093617748e+00
2.640324531984735490e+00
2.631088088346945852e+00
2.621952143080728881e+00
2.612916446813192461e+00
2.603980650207614378e+00
2.595144308485767048e+00
2.586406886125263593e+00
2.577767761695500592e+00
2.569226232797264586e+00
2.560781521072522882e+00
2.552432777252486407e+00
2.544179086213600005e+00
2.536019472012694731e+00
2.527952902874468055e+00
2.519978296106153870e+00
2.512094522916601846e+00
2.504300413118948576e+00
2.496594759698699484e+00
2.488976323231298249e+00
2.481443836135955205e+00
2.473996006754922927e+00
2.466631523249789293e+00
2.459349057308796382e+00
2.452147267661195063e+00
2.445024803396671054e+00
2.437980307089599119e+00
2.431012417729367492e+00
2.424119773459457061e+00
2.417301014128928838e+00
2.410554783661078115e+00
2.403879732244681655e+00
2.397274518353960993e+00
2.390737810603797975e+00
2.384268289447134759e+00
2.377864648721645935e+00
2.371525597052905443e+00
2.365249859121206999e+00
2.359036176799173212e+00
2.352883310167020348e+00
2.346790038412223112e+00
2.340755160619981012e+00
2.334777496460644475e+00
2.328855886780018203e+00
2.322989194098088905e+00
2.317176303021608597e+00
2.311416120575601418e+00
2.305707576458738917e+00
2.300049623227341744e+00
2.294441236412547269e+00
2.288881414575096862e+00
2.283369179302051410e+00
2.277903575149541560e+00
2.272483669535711570e+00
2.267108552587664860e+00
2.261777336946340533e+00
2.256489157532938883e+00
2.251243171280519206e+00
2.246038556834196065e+00
2.240874514223313074e+00
2.235750264508705953e+00
2.230665049408224743e+00
2.225618130903337821e+00
2.220608790829637691e+00
2.215636330453856662e+00
2.210700070039844256e+00
2.205799348405802274e+00
2.200933522474925574e+00
2.196101966821407903e+00
2.191304073213617087e+00
2.186539250156124048e+00
2.181806922432044882e+00
2.177106530647095806e+00
2.172437530776537784e+00
2.167799393716127287e+00
2.163191604838011539e+00
2.158613663552455986e+00
2.154065082876094106e+00
2.149545389007377683e+00
2.145054120909767548e+00
2.140590829903171066e+00
2.136155079263937662e+00
2.131746443833849813e+00
2.127364509638266732e+00
2.123008873513717365e+00
2.118679142745027999e+00
2.114374934712160314e+00
2.110095876546790539e+00
2.105841604798669664e+00
2.101611765111796259e+00
2.097406011910349033e+00
2.093224008094337396e+00
2.089065424744898092e+00
2.084929940839146845e+00
2.080817242974448256e+00
2.076727025102001356e+00
2.072658988269579172e+00
2.068612840373251327e+00
2.064588295917940908e+00
2.060585075786613984e+00
2.056602907017917037e+00
2.052641522592058454e+00
2.048700661224744479e+00
2.044780067168919135e+00
2.040879490024153142e+00
2.036998684553394057e+00
2.033137410506929310e+00
2.029295432453271264e+00
2.025472519616804412e+00
2.021668445721923835e+00
2.017882988843480607e+00
2.014115931263292136e+00
2.010367059332539341e+00
2.006636163339769574e+00
2.002923037384381821e+00
1.999227479255317741e+00
1.995549290314812430e+00
1.991888275386967333e+00
1.988244242650992755e+00
1.984617003538889479e+00
1.981006372637441171e+00
1.977412167594307935e+00
1.973834209028043185e+00
1.970272320441923464e+00
1.966726328141344959e+00
1.963196061154738326e+00
1.959681351157747553e+00
1.956182032400617610e+00
1.952697941638605217e+00
1.949228918065273541e+00
1.945774803248584206e+00
1.942335441069638513e+00
1.938910677663920890e+00
1.935500361365010580e+00
1.932104342650557305e+00
1.928722474090486472e+00
1.925354610297314917e+00
1.922000607878450174e+00
1.918660325390443955e+00
1.915333623295032650e+00
1.912020363916961951e+00
1.908720411403446837e+00
1.905433631685240048e+00
1.902159892439192701e+00
1.898899063052289282e+00
1.895651014587012684e+00
1.892415619748064604e+00
1.889192752850316293e+00
1.885982289787943911e+00
1.882784108004714296e+00
1.879598086465350537e+00
1.876424105627921390e+00
1.873262047417214360e+00
1.870111795199062010e+00
1.866973233755541361e+00
1.863846249261037258e+00
1.860730729259106431e+00
1.857626562640138479e+00
1.854533639619721175e+00
1.851451851717728081e+00
1.848381091738090731e+00
1.845321253749166557e+00
1.842272233064766507e+00
1.839233926225716242e+00
1.836206230982011967e+00
1.833189046275475853e+00
1.830182272222927509e+00
1.827185810099824614e+00
1.824199562324385404e+00
1.821223432442108159e+00
1.818257325110755218e+00
1.815301146085682493e+00
1.812354802205599302e+00
1.809418201378643287e+00
1.806491252568826145e+00
1.803573865782815533e+00
1.800665952057000307e+00
1.797767423444884161e+00
1.794878193004756373e+00
1.791998174787615472e+00
1.789127283825402870e+00
1.786265436119423455e+00
1.783412548629054628e+00
1.780568539260655170e+00
1.777733326856697493e+00
1.774906831185120382e+00
1.772088972928848927e+00
1.769279673675544950e+00
1.766478855907506640e+00
1.763686442991753367e+00
1.760902359170274822e+00
1.758126529550452011e+00
1.755358880095616803e+00
1.752599337615744490e+00
1.749847829758325535e+00
1.747104284999333457e+00
1.744368632634347493e+00
1.741640802769780727e+00
1.738920726314229892e+00
1.736208334969966405e+00
1.733503561224484457e+00
1.730806338342207873e+00
1.728116600356268684e+00
1.725434282060389402e+00
1.722759319000859435e+00
1.720091647468608986e+00
1.717431204491364216e+00
1.714777927825887893e+00
1.712131755950306644e+00
1.709492628056505259e+00
1.706860484042623360e+00
1.704235264505594039e+00
1.701616910733781074e+00
1.699005364699674336e+00
1.696400569052662677e+00
1.693802467111844567e+00
1.691211002858954426e+00
1.688626120931307595e+00
1.686047766614822141e+00
1.683475885837107278e+00
1.680910425160598853e+00
1.678351331775769673e+00
1.675798553494367349e+00
1.673252038742748748e+00
1.670711736555217986e+00
1.668177596567469889e+00
1.665649569010051678e+00
1.663127604701882589e+00
1.660611655043835899e+00
1.658101672012362249e+00
1.655597608153160927e+00
1.653099416574903779e+00
1.650607050943016629e+00
1.648120465473486229e+00
1.645639614926744931e+00
1.643164454601568902e+00
1.640694940329060714e+00
1.638231028466639927e+00
1.635772675892108730e+00
1.633319839997755540e+00
1.630872478684498583e+00
1.628430550356080309e+00
1.625994013913308445e+00
1.623562828748335685e+00
1.621136954738990221e+00
1.618716352243155132e+00
1.616300982093180627e+00
1.613890805590350475e+00
1.611485784499390173e+00
1.609085881043024857e+00
1.606691057896570962e+00
1.604301278182576951e+00
1.601916505465520224e+00
1.599536703746529787e+00
1.597161837458165534e+00
1.594791871459239729e+00
1.592426771029680665e+00
1.590066501865439852e+00
1.587711030073451379e+00
1.585360322166627034e+00
1.583014345058901817e+00
1.580673066060316101e+00
1.578336452872160622e+00
1.576004473582133469e+00
1.573677096659585217e+00
1.571354290950760291e+00
1.569036025674133361e+00
1.566722270415741969e+00
1.564412995124602856e+00
1.562108170108142735e+00
1.559807766027707654e+00
1.557511753894067263e+00
1.555220105063028546e+00
1.552932791231029341e+00
1.550649784430822686e+00
1.548371057027184028e+00
1.546096581712666618e+00
1.543826331503406202e+00
1.541560279734966565e+00
1.539298400058228600e+00
1.537040666435325553e+00
1.534787053135617807e+00
1.532537534731726270e+00
1.530292086095588422e+00
1.528050682394575421e+00
1.525813299087648067e+00
1.523579911921550067e+00
1.521350496927061258e+00
1.519125030415270583e+00
1.516903488973919689e+00
1.514685849463769385e+00
1.512472089015016063e+00
1.510262185023750980e+00
1.508056115148468379e+00
1.505853857306605592e+00
1.503655389671135323e+00
1.501460690667193898e+00
1.499269738968756149e+00
1.497082513495346934e+00
1.494898993408806831e+00
1.492719158110080269e+00
1.490542987236062933e+00
1.488370460656482708e+00
1.486201558470822359e+00
1.484036261005282853e+00
1.481874548809786862e+00
1.479716402655025576e+00
1.477561803529544360e+00
1.475410732636867506e+00
1.473263171392657389e+00
1.471119101421927367e+00
1.468978504556281983e+00
1.466841362831196705e+00
1.464707658483343167e+00
1.462577373947941295e+00
1.460450491856163158e+00
1.458326995032570350e+00
1.456206866492580021e+00
1.454090089439972200e+00
1.451976647264451081e+00
1.449866523539208973e+00
1.447759702018561301e+00
1.445656166635596707e+00
1.443555901499862459e+00
1.441458890895100931e+00
1.439365119277008720e+00
1.437274571271026202e+00
1.435187231670169039e+00
1.433103085432905877e+00
1.431022117681038486e+00
1.428944313697647850e+00
1.426869658925048467e+00
1.424798138962792615e+00
1.422729739565693263e+00
1.420664446641896506e+00
1.418602246250959986e+00
1.416543124601993719e+00
1.414487068051802465e+00
1.412434063103076065e+00
1.410384096402611753e+00
1.408337154739546904e+00
1.406293225043653283e+00
1.404252294383623312e+00
1.402214349965420492e+00
1.400179379130622292e+00
1.398147369354832747e+00
1.396118308246085737e+00
1.394092183543293784e+00
1.392068983114722158e+00
1.390048694956489195e+00
1.388031307191087915e+00
1.386016808065941852e+00
1.384005185951977746e+00
1.381996429342237986e+00
1.379990526850489729e+00
1.377987467209899952e+00
1.375987239271693863e+00
1.373989832003862155e+00
1.371995234489881366e+00
1.370003435927469537e+00
1.368014425627342323e+00
1.366028193012015945e+00
1.364044727614621477e+00
1.362064019077726007e+00
1.360086057152215977e+00
1.358110831696146548e+00
1.356138332673664237e+00
1.354168550153915351e+00
1.352201474309987939e+00
1.350237095417871735e+00
1.348275403855441645e+00
1.346316390101444549e+00
1.344360044734524973e+00
1.342406358432261859e+00
1.340455321970216440e+00
1.338506926221005866e+00
1.336561162153395488e+00
1.334618020831390028e+00
1.332677493413383818e+00
1.330739571151272171e+00
1.328804245389619609e+00
1.326871507564835628e+00
1.324941349204352470e+00
1.323013761925833531e+00
1.321088737436385774e+00
1.319166267531800774e+00
1.317246344095783561e+00
1.315328959099240080e+00
1.313414104599526011e+00
1.311501772739755323e+00
1.309591955748083958e+00
1.307684645937034595e+00
1.305779835702821856e+00
1.303877517524695495e+00
1.301977683964283150e+00
1.300080327664964397e+00
1.298185441351241254e+00
1.296293017828119121e+00
1.294403049980517029e+00
1.292515530772669008e+00
1.290630453247543885e+00
1.288747810526272630e+00
1.286867595807602571e+00
1.284989802367321188e+00
1.283114423557744521e+00
1.281241452807163617e+00
1.279370883619330712e+00
1.277502709572955863e+00
1.275636924321187804e+00
1.273773521591119895e+00
1.271912495183313840e+00
1.270053838971309412e+00
1.268197546901159933e+00
1.266343612990956435e+00
1.264492031330393784e+00
1.262642796080292396e+00
1.260795901472174352e+00
1.258951341807831525e+00
1.257109111458877937e+00
1.255269204866341415e+00
1.253431616540247928e+00
1.251596341059199036e+00
1.249763373069981087e+00
1.247932707287155329e+00
1.246104338492668218e+00
1.244278261535469499e+00
1.242454471331114974e+00
1.240632962861409005e+00
1.238813731174003063e+00
1.236996771382049110e+00
1.235182078663834560e+00
1.233369648262401919e+00
1.231559475485219934e+00
1.229751555703808119e+00
1.227945884353402350e+00
1.226142456932604707e+00
1.224341269003046850e+00
1.222542316189042522e+00
1.220745594177263138e+00
1.218951098716397619e+00
1.217158825616832862e+00
1.215368770750320015e+00
1.213580930049659612e+00
1.211795299508363177e+00
1.210011875180364793e+00
1.208230653179671155e+00
1.206451629680072468e+00
1.204674800914821819e+00
1.202900163176324755e+00
1.201127712815832194e+00
1.199357446243132008e+00
1.197589359926253261e+00
1.195823450391149345e+00
1.194059714221405333e+00
1.192298148057935103e+00
1.190538748598680030e+00
1.188781512598314993e+00
1.187026436867942847e+00
1.185273518274813975e+00
1.183522753742008993e+00
1.181774140248154525e+00
1.180027674827138107e+00
1.178283354567800867e+00
1.176541176613646655e+00
1.174801138162552494e+00
1.173063236466469261e+00
1.171327468831142138e+00
1.169593832615808626e+00
1.167862325232902787e+00
1.166132944147774131e+00
1.164405686878382085e+00
1.162680550995020212e+00
1.160957534120010015e+00
1.159236633927403171e+00
1.157517848142711969e+00
1.155801174542591792e+00
1.154086610954560443e+00
1.152374155256695731e+00
1.150663805377347026e+00
1.148955559294832618e+00
1.147249415037152165e+00
1.145545370681683828e+00
1.143843424354884952e+00
1.142143574231999414e+00
1.140445818536752975e+00
1.138750155541056852e+00
1.137056583564705514e+00
1.135365100975069375e+00
1.133675706186805687e+00
1.131988397661536139e+00
1.130303173907556413e+00
1.128620033479522444e+00
1.126938974978148433e+00
1.125259997049893101e+00
1.123583098386653933e+00
1.121908277725450098e+00
1.120235533848124021e+00
1.118564865581014756e+00
1.116896271794647122e+00
1.115229751403423730e+00
1.113565303365295911e+00
1.111902926681449078e+00
1.110242620395994084e+00
1.108584383595634382e+00
1.106928215409337835e+00
1.105274115008040736e+00
1.103622081604281879e+00
1.101972114451919671e+00
1.100324212845764205e+00
1.098678376121283939e+00
1.097034603654247764e+00
1.095392894860401478e+00
1.093753249195145827e+00
1.092115666153178344e+00
1.090480145268195145e+00
1.088846686112490580e+00
1.087215288296694782e+00
1.085585951469375310e+00
1.083958675316722520e+00
1.082333459562182076e+00
1.080710303966151420e+00
1.079089208325592075e+00
1.077470172473698140e+00
1.075853196279543234e+00
1.074238279647780514e+00
1.072625422518572291e+00
1.071014624862696607e+00
1.069405886693456598e+00
1.067799208053612725e+00
1.066194589020071026e+00
1.064592029703218978e+00
1.062991530246453431e+00
1.061393090825892171e+00
1.059796711649950929e+00
1.058202392959012528e+00
1.056610135025065400e+00
1.055019938151320780e+00
1.053431802671864759e+00
1.051845728951257053e+00
1.050261717384192384e+00
1.048679768395120560e+00
1.047099882437863005e+00
1.045522059995258379e+00
1.043946301578771996e+00
1.042372607728130562e+00
1.040800979010953142e+00
1.039231416022358134e+00
1.037663919384592903e+00
1.036098489746663853e+00
1.034535127783949404e+00
1.032973834197815410e+00
1.031414609715248121e+00
1.029857455088457607e+00
1.028302371094493628e+00
1.026749358534889023e+00
1.025198418235239828e+00
1.023649551044838235e+00
1.022102757836288456e+00
1.020558039505119696e+00
1.019015396969387810e+00
1.017474831169298932e+00
1.015936343066816461e+00
1.014399933645272700e+00
1.012865603908984502e+00
1.011333354882848479e+00
1.009803187611969078e+00
1.008275103161264230e+00
1.006749102615069447e+00
1.005225187076742577e+00
1.003703357668292107e+00
1.002183615529957050e+00
1.000665961819848571e+00
9.991503977135310910e-01
9.976369244036369377e-01
9.961255430994870874e-01
9.946162550266788305e-01
9.931090614267124028e-01
9.916039635565803145e-01
9.901009626883923165e-01
9.886000601089678375e-01
9.871012571194552887e-01
9.856045550349352702e-01
9.841099551840272186e-01
9.826174589085024946e-01
9.811270675628914750e-01
9.796387825140850936e-01
9.781526051409573652e-01
9.766685368339663720e-01
9.751865789947670171e-01
9.737067330358177841e-01
9.722290003799984870e-01
9.707533824602165851e-01
9.692798807190249333e-01
9.678084966082253215e-01
9.663392315884905548e-01
9.648720871289752088e-01
9.634070647069286064e-01
9.619441658073130119e-01
9.604833919224151639e-01
9.590247445514665792e-01
9.575682252002687411e-01
9.561138353807935308e-01
9.546615766108212942e-01
9.532114504135481559e-01
9.517634583172173146e-01
9.503176018547333515e-01
9.488738825632947460e-01
9.474323019840126259e-01
9.459928616615375097e-01
9.445555631436851618e-01
9.431204079810704410e-01
9.416873977267299356e-01
9.402565339357560337e-01
9.388278181649301057e-01
9.374012519723573522e-01
9.359768369170969882e-01
9.345545745587959807e-01
9.331344664573386627e-01
9.317165141724742528e-01
9.303007192634626943e-01
9.288870832887194950e-01
9.274756078054484654e-01
9.260662943692995475e-01
9.246591445340170967e-01
9.232541598510705105e-01
9.218513418693293771e-01
9.204506921346943260e-01
9.190522121897626295e-01
9.176559035734864755e-01
9.162617678208185845e-01
9.148698064623840276e-01
9.134800210241291740e-01
9.120924130270007257e-01
9.107069839865984395e-01
9.093237354128428374e-01
9.079426688096566833e-01
9.065637856746164847e-01
9.051870874986447379e-01
9.038125757656737536e-01
9.024402519523295751e-01
9.010701175276033537e-01
8.997021739525462580e-01
8.983364226799442909e-01
8.969728651539978781e-01
8.956115028100333220e-01
8.942523370741641831e-01
8.928953693630127253e-01
8.915406010833782924e-01
8.901880336319609732e-01
8.888376683950415247e-01
8.874895067482000410e-01
8.861435500559969869e-01
8.847997996717132940e-01
8.834582569370305061e-01
8.821189231817635479e-01
8.807817997235578567e-01
8.794468878676283685e-01
8.781141889064568717e-01
8.767837041195279957e-01
8.754554347730455488e-01
8.741293821196777225e-01
8.728055473982635482e-01
8.714839318335543261e-01
8.701645366359597178e-01
8.688473630012739646e-01
8.675324121104130981e-01
8.662196851291739108e-01
8.649091832079648379e-01
8.636009074815640396e-01
8.622948590688653825e-01
8.609910390726339680e-01
8.596894485792687668e-01
8.583900886585493772e-01
8.570929603634118710e-01
8.557980647297103172e-01
8.545054027759779736e-01
8.532149755032056859e-01
8.519267838946166238e-01
8.506408289154337998e-01
8.493571115126682392e-01
8.480756326148977120e-01
8.467963931320572346e-01
8.455193939552100302e-01
8.442446359563610114e-01
8.429721199882345140e-01
8.417018468840771206e-01
8.404338174574595977e-01
8.391680325020705045e-01
8.379044927915263452e-01
8.366431990791883822e-01
8.353841520979525814e-01
8.341273525600868544e-01
8.328728011570348810e-01
8.316204985592329235e-01
8.303704454159436255e-01
8.291226423550738245e-01
8.278770899830074637e-01
8.266337888844341730e-01
8.253927396221820700e-01
8.241539427370592197e-01
8.229173987476918750e-01
8.216831081503682688e-01
8.204510714188844034e-01
8.192212890043910622e-01
8.179937613352532555e-01
8.167684888168935675e-01
8.155454718316550444e-01
8.143247107386692996e-01
8.131062058737061893e-01
8.118899575490525766e-01
8.106759660533723322e-01
8.094642316515959779e-01
8.082547545847594828e-01
8.070475350699258810e-01
8.058425733000361690e-01
8.046398694438061661e-01
8.034394236456102734e-01
8.022412360253644570e-01
8.010453066784367637e-01
7.998516356755188683e-01
7.986602230625363674e-01
7.974710688605552988e-01
7.962841730656757822e-01
7.950995356489415355e-01
7.939171565562489485e-01
7.927370357082619279e-01
7.915591730003206372e-01
7.903835683023655578e-01
7.892102214588553322e-01
7.880391322886876049e-01
7.868703005851286347e-01
7.857037261157324703e-01
7.845394086222908792e-01
7.833773478207427532e-01
7.822175434011372497e-01
7.810599950275485259e-01
7.799047023380315524e-01
7.787516649445598294e-01
7.776008824329864177e-01
7.764523543629691105e-01
7.753060802679462293e-01
7.741620596550747857e-01
7.730202920052001714e-01
7.718807767728140812e-01
7.707435133860007781e-01
7.696085012464259911e-01
7.684757397292943937e-01
7.673452281833076372e-01
7.662169659306576897e-01
7.650909522669867568e-01
7.639671864613688523e-01
7.628456677562922561e-01
7.617263953676399746e-01
7.606093684846728653e-01
7.594945862700117623e-01
7.583820478596373649e-01
7.572717523628753611e-01
7.561636988623907651e-01
7.550578864141823665e-01
7.539543140475836180e-01
7.528529807652611927e-01
7.517538855432247535e-01
7.506570273308099672e-01
7.495624050507180280e-01
7.484700175990030013e-01
7.473798638450805942e-01
7.462919426317640159e-01
7.452062527752509880e-01
7.441227930651624911e-01
7.430415622645546447e-01
7.419625591099389128e-01
7.408857823113101926e-01
7.398112305521676868e-01
7.387389024895487655e-01
7.376687967540528357e-01
7.366009119498754254e-01
7.355352466548426005e-01
7.344717994204422729e-01
7.334105687718649458e-01
7.323515532080502322e-01
7.312947512017057283e-01
7.302401611993726283e-01
7.291877816214560326e-01
7.281376108622807930e-01
7.270896472901325902e-01
7.260438892473041195e-01
7.250003350501630361e-01
7.239589829891828199e-01
7.229198313290126077e-01
7.218828783085295964e-01
7.208481221408924444e-01
7.198155610136054428e-01
7.187851930885806873e-01
7.177570165021924797e-01
7.167310293653482711e-01
7.157072297635517222e-01
7.146856157569765333e-01
7.136661853805094102e-01
7.126489366438566453e-01
7.116338675315873052e-01
7.106209760032141665e-01
7.096102599932713195e-01
7.086017174113798944e-01
7.075953461423335478e-01
7.065911440461697390e-01
7.055891089582539966e-01
7.045892386893470860e-01
7.035915310257064847e-01
7.025959837291538834e-01
7.016025945371506811e-01
7.006113611629143367e-01
6.996222812954643322e-01
6.986353525997393010e-01
6.976505727166666393e-01
6.966679392632592061e-01
6.956874498327059175e-01
6.947091019944564572e-01
6.937328932943187532e-01
6.927588212545441326e-01
6.917868833739366785e-01
6.908170771279208422e-01
6.898493999686614586e-01
6.888838493251467909e-01
6.879204226032953340e-01
6.869591171860407464e-01
6.859999304334374326e-01
6.850428596827603522e-01
6.840879022485980565e-01
6.831350554229644878e-01
6.821843164753901290e-01
6.812356826530302500e-01
6.802891511807609426e-01
6.793447192612873664e-01
6.784023840752433365e-01
6.774621427813062313e-01
6.765239925162842560e-01
6.755879303952331272e-01
6.746539535115633202e-01
6.737220589371383239e-01
6.727922437223848862e-01
6.718645048964093647e-01
6.709388394670802169e-01
6.700152444211634473e-01
6.690937167244273009e-01
6.681742533217155389e-01
6.672568511371453903e-01
6.663415070739584500e-01
6.654282180156148030e-01
6.645169808233695186e-01
6.636077923640726350e-01
6.627006497293052023e-01
6.617955558691567264e-01
6.608926367529347479e-01
6.599949489552473514e-01
6.591797897431811437e-01
6.601112517789305967e-01
6.623166961097722849e-01
6.573434806175232348e-01
6.586870007476189892e-01
6.562711923840729433e-01
6.557054705948343054e-01
6.550040646604424754e-01
6.527570323620738302e-01
6.536300147618981926e-01
6.505471755351167618e-01
6.515277840901860795e-01
6.492289414329374120e-01
6.489222371509184573e-01
6.480955876411008676e-01
6.465863616501856814e-01
6.465252741867110187e-01
6.448806498978768564e-01
6.444505979009995666e-01
6.434933643900792033e-01
6.423375929259146355e-01
6.419827308707306557e-01
6.405311510140476727e-01
6.401953496522694298e-01
6.389877124001115405e-01
6.382845154510465857e-01
6.374770065018828813e-01
6.364535276228895366e-01
6.358612211776812906e-01
6.347463355002205265e-01
6.341854010588348078e-01
6.330919836582220572e-01
6.325032735471881606e-01
6.314334889351643776e-01
6.308506620016345323e-01
6.297808404169795704e-01
6.291969896326861100e-01
6.282059983495542621e-01
6.275112939010502044e-01
6.265619461334314133e-01
6.258078880477175865e-01
6.250710476846238484e-01
6.242272314883255957e-01
6.237035932608085975e-01
6.233611072188324220e-01
6.232564633682728950e-01
6.232735001793929808e-01
6.204378366385450150e-01
6.201705589679532560e-01
6.207868028240568492e-01
6.191292322108057355e-01
6.235208873939496188e-01
6.275057263891452575e-01
6.212845633540081680e-01
6.189884125537817861e-01
6.204545432199357613e-01
6.155057977918468870e-01
6.183505008795242563e-01
6.134900370340795606e-01
6.148813352964791479e-01
6.137552563340072931e-01
6.109580556795620732e-01
6.126402883165414925e-01
6.105848014047472461e-01
6.091202784358071831e-01
6.097596892497549881e-01
6.082999100511339297e-01
6.071789943375297538e-01
6.070084629784523456e-01
6.062305567383053928e-01
6.051769987353949887e-01
6.044696491168131125e-01
6.040410620306293499e-01
6.031725852774502128e-01
6.021504817616013527e-01
6.017776510835611825e-01
6.010958451883821052e-01
5.999677596760349951e-01
5.995287876027448615e-01
5.989233451820216159e-01
5.978478385426185815e-01
5.973327046015882713e-01
5.967020743939968064e-01
5.957423773994433569e-01
5.951647574816070208e-01
5.944810688891363215e-01
5.936377906500314161e-01
5.929961626520697804e-01
5.923022636332666568e-01
5.915050928533687191e-01
5.908514667134355802e-01
5.901420543992491607e-01
5.893598138695115285e-01
5.887470056441207467e-01
5.879457935871732488e-01
5.872953928292738990e-01
5.865655397735644039e-01
5.858491377133102640e-01
5.851756255281033159e-01
5.844270174084063019e-01
5.837727550032487667e-01
5.830325893139879367e-01
5.823565982454141920e-01
5.816526995593718219e-01
5.809619471494954501e-01
5.802720961732016347e-01
5.795289484249135370e-01
5.788980807593722133e-01
5.782874519473979458e-01
5.778525699068930432e-01
5.788343466429007877e-01
5.880192956094770773e-01
5.863828344630519496e-01
5.963219405402422346e-01
5.927506725734780213e-01
5.885435916286125835e-01
5.745124713539269123e-01
5.833758915713366244e-01
5.804900364685978698e-01
5.742006249865500012e-01
5.748139387808324230e-01
5.767797975360533513e-01
5.762252538657351986e-01
5.740406397392482374e-01
5.723398641038558443e-01
5.719627135832013876e-01
5.722059604998335214e-01
5.720358680730245338e-01
5.711850709844975560e-01
5.701222249099189288e-01
5.693380993940143631e-01
5.688986105862587905e-01
5.685567733880546593e-01
5.680768445476062078e-01
5.674149268225654463e-01
5.666842945728592928e-01
5.660167005221492520e-01
5.654524908073059741e-01
5.649306636102990886e-01
5.643646846786301019e-01
5.637263278062338845e-01
